8.974883 9.784539
1.271096 5.058748
3.967406 6.383251
6.841945 1.953795
3.341777 5.445723
6.009095 1.657155
3.806879 1.750542
4.714805 0.509049
8.8464 2.334056
4.395581 1.568651
2.179632 2.34901
5.651112 9.857173
3.278298 4.774926
0.369579 2.23365
8.991363 1.784112
8.873562 2.211371
0.347606 0.58504
3.643605 5.025178
8.600116 1.547594
6.193731 3.268838
9.565111 1.426435
8.646809 8.410901
0.328074 9.496139
6.583453 8.498489
7.376934 9.40611
4.722129 7.369304
0.216987 4.574725
1.993774 5.678579
9.5468 9.927671
7.572253 9.053316
4.035768 7.796869
4.425794 3.689077
4.788659 0.793786
1.951964 4.702902
1.539354 9.467757
4.251534 7.547838
9.650868 7.558214
5.616932 7.811213
1.975768 2.663045
9.783319 9.700919
4.645833 5.125278
4.516434 8.537248
0.844447 2.955412
8.093509 7.561266
1.636402 5.603198
9.240089 4.370251
7.904599 4.388867
7.087313 7.297891
2.466811 2.405164
2.71218 7.043977